18.22
17.49
16.73
15.5
15.61
16.75
16.82
18.04
16.75
15.56
15
15.21
14.34
14.71
14.84
14.55
15.35
16.78
17.14
16.63
17.11
17.34
17.87
17.71
16
16.39
15.94
15.39
15.31
15.58
15.4
15.59
15.8
16.04
16.29
15.9
14.93
14.83
14.55
14.44
14.86
14.55
14.4
14.48
15.79
16.6
18.67
20.67
18.3
21.13
20.34
18.11
18.53
19.15
21.58
20.67
19.81
17.88
17.33
16.5
16.28
16.74
16.65
15.64
14.97
15.32
15.76
16.26
15.28
17.26
15.62
15.74
14.94
15.42
16.67
15.6
14.61
14.01
14.77
15.07
16.29
16.6
17.19
16.62
16.55
15.77
17.05
18.13
19.77
18.57
18.14
18.86
18.47
19.96
19.33
18.93
18.67
18.49
18.08
15.96
15.97
15.28
15.5
16.3
16.08
17.03
16.78
15.39
15.01
15.39
15.04
16.07
15.05
14.79
15.15
14.99
15.26
14.31
13.98
14.81
15.19
16.07
15.47
14.34
15.2
15.08
16.25
15.81
16.2
15.78
14.96
14.46
13.76
14.71
14.34
15.17
14.17
16.41
15.75
16.5
17.3
16.55
16.15
15.68
15.32
15.37
16.03
16.21
18.32
19.34
18.89
17.47
18.04
19.08
17.98
17.57
17.02
16.23
16.96
16
15.88
15.33
14.98
14.91
14.71
15.44
15.29
14.91
14.28
13.91
14.07
14.06
14.01
13.76
13.17
13.56
14.64
14.39
14.03
14.43
13.66
14.74
14.8
14.28
14.62
13.83
13.21
13.34
12.75
13.41
13.95
13.28
14.5
15.05
14.71
15.05
15.42
16.43
15.04
14.71
15.13
14.85
14.54
15.28
16.58
16.39
15.72
15.39
16.27
16.27
16.18
14.04
13.97
13.84
13.8
13.61
13.08
13.04
13.33
13.38
13.21
13.21
12.98
13.5
12.97
12.67
12.72
12.78
13.3
13.24
12.97
12.98
12.96
13.19
13.67
13.19
12.88
12.76
12.54
12.73
12.35
12.27
11.95
11.83
11.55
11.45
11.23
12.14
12
11.62
12.56
13.29
14.08
13.98
14.09
13.58
13.49
13.23
13.19
12.56
12.84
12.43
12.47
13.18
13.83
14.36
14.65
14.06
13.44
13.24
13.24
12.82
12.03
11.66
11.79
11.21
11.73
11.6
12
11.51
11.43
11.52
11.27
11.1
11.77
11.18
13.14
12.39
11.57
11.49
12.08
12.04
12.5
12.93
11.94
12.26
12.4
12.7
12.49
12.8
12.39
13.15
13.49
13.29
13.14
13.61
14.27
14.06
13.42
13.75
14.49
13.64
14.02
14.09
14.11
13.68
13.15
12.33
12.62
11.98
11.3
13.31
14.53
17.74
16.56
14.96
16.92
14.41
15.38
14.62
14.91
14.87
16.86
15.31
15.12
14.53
13.85
13.98
14.05
13.75
14.91
14.45
16.12
16.32
15.68
14.57
13.63
13.32
13.14
12.95
12.69
12.58
12.24
12.15
13.29
12.36
11.84
12.15
12.28
12.39
12.7
12.08
11.96
11.65
11.79
11.46
11.15
11.48
11.47
11.08
11.05
12.13
12.18
12.52
11.58
11.77
12.04
11.4
11.68
12.27
12.49
11.45
11.28
10.95
10.84
10.81
10.33
10.77
10.45
10.23
10.97
10.52
11.1
10.99
10.36
10.52
11.57
12.08
11.75
11.83
12.52
12.48
13.21
12.4
12.38
12.42
12.74
12.26
13.52
13.3
13.42
13.42
13.42
13.34
14.17
13.73
13.72
13.52
13.65
12.6
13.15
13.57
12.93
12.52
12.93
11.98
11.65
12.39
12.91
12.49
11.22
12.14
12.64
13.79
13.33
12.96
13.04
12.76
12.63
12.24
11.92
12.46
13.2
14.55
14.96
14.59
15.55
15.63
16.22
16.47
14.87
14.67
15.33
13.5
16.11
16.13
14.74
14.53
14.59
16.02
14.25
15.32
14.85
13.48
13
13.17
13.1
13.08
12.8
11.9
11.63
12.18
12.23
12.26
11.25
11.12
10.82
10.6
10.96
10.88
11.84
11.89
12.06
11.24
11.01
11.6
11.52
12.18
12.21
11.69
11.47
11.11
10.48
10.73
10.68
11.38
11.19
10.81
10.29
10.27
11.57
11.35
11.61
12.07
11.14
11.37
11.31
11
11.13
10.86
10.94
11.2
11.23
11.91
12.25
11.98
14.56
13.93
13.31
12.87
12.42
11.97
12.39
12.95
12.36
13.23
12.96
13.04
13.59
12.83
13.12
12.87
13.35
12.25
12.31
11.48
12.01
12.41
11.88
11.87
11.46
11.59
12.34
11.54
11.72
11.96
12.74
12.66
12.32
12.68
11.85
11.37
10.74
11.35
11.98
12.12
11.79
11.62
11.21
11.17
11.19
11.46
11.58
10.95
11.57
11.39
11.57
11.14
11.13
11.45
12.26
12.19
13
12.76
12.38
12.58
11.4
11.32
11.64
11.59
11.75
11.75
11.76
11.84
11.59
12.54
11.99
11.99
11.86
11.62
12
11.99
11.78
12.49
14.19
13.57
13.35
16.26
16.99
17.18
17.72
18.26
17.36
15.5
14.26
18.66
16.44
14.52
14.32
16.65
17.34
17.8
18.35
18.12
20.96
23.81
21.46
15.9
17.25
17.83
16.69
15.52
15.88
15.89
15.62
16.4
15.79
13.03
13.08
13.05
14.15
13.65
13.97
14.02
13.14
14.49
17.79
18.05
18.64
17.74
15.55
16.21
17.4
14.98
14.85
14.62
14.94
14.33
14.95
15.05
14.34
14.46
14.34
15.23
15.23
15.2
14.46
14.3
14.26
13.42
12.41
12.24
11.64
12.22
12.19
12.4
12.4
12.31
12.18
12.28
12.22
12.31
11.96
12.63
13.74
13.88
13.16
12.99
11.92
11.18
11.55
11.76
11.78
11.98
11.39
12.25
12.59
12.12
11.53
11.58
11.72
11.98
12.57
12.24
11.86
11.98
11.56
11.68
11.52
11.62
11.09
10.75
11.09
11.73
11.34
10.9
10.63
11.08
10.78
10.66
10.56
10.8
11.2
11.1
11.51
11.42
11.16
11.16
11.09
10.75
11.01
10.79
10.86
10.5
10.31
10.16
10.05
9.97
9.9
10.14
10.73
12.3
11.62
10.83
10.91
11.66
11.23
11.27
11.33
12.67
12.07
10.71
10.65
10.18
9.97
10.05
10.6
10.3
10.26
10.53
11.36
11.26
10.64
10.99
11.56
12.04
11.51
12.14
12
11.91
11.47
10.87
10.15
10.74
10.59
10.85
10.4
10.77
10.34
9.89
11.22
11.13
11.45
10.96
10.42
10.31
10.08
10.55
10.65
10.32
10.44
11.1
11.61
10.34
10.23
10.22
10.02
10.24
10.2
10.18
10.58
11.15
18.31
15.42
15.82
18.61
19.63
15.96
15.24
14.29
14.09
13.99
18.13
17.27
16.43
16.79
14.59
13.27
12.19
12.93
12.95
13.16
13.48
14.98
15.14
14.64
14.53
13.46
13.24
13.23
13.14
12.68
13.49
12.71
12.2
11.98
12.14
12.42
12.54
12.07
13.04
13.12
13.21
12.79
12.45
14.22
13.51
13.08
13.09
12.91
13.15
13.21
12.88
13.6
12.95
13.96
14.01
13.5
13.51
12.76
13.3
13.06
13.24
14.08
13.34
13.53
12.83
13.05
12.78
13.29
13.63
14.87
17.06
14.84
14.71
16.67
14.73
13.64
13.94
13.42
12.85
14.67
14.21
15.75
16.65
18.89
15.53
15.54
16.23
15.4
14.92
15.48
14.72
15.16
17.57
16.64
15.54
15.15
15.59
15.63
16
15.23
16.95
16.81
18.55
18.1
20.74
24.17
20.87
23.52
23.67
21.22
25.16
22.94
21.56
21.45
26.48
28.3
26.57
27.68
30.67
30.83
29.99
26.33
25.25
22.89
22.62
20.72
22.72
26.3
23.81
25.06
23.38
22.78
24.58
23.99
26.23
27.38
25.27
24.96
24.76
24.92
26.48
20.35
20.03
20.45
19
19.37
18.6
17.63
17
18
17.84
18.49
18.8
18.44
16.91
17.46
16.12
16.67
18.88
17.73
19.25
20.02
18.54
18.5
22.96
21.64
20.41
20.8
21.17
19.56
19.87
21.07
18.53
23.21
23.01
24.31
21.39
26.49
26.16
28.5
31.09
24.1
25.94
28.06
25.49
26.01
24.88
26.84
25.61
28.91
26.28
24.11
23.97
22.87
23.61
23.79
22.53
20.96
20.85
20.74
23.59
22.47
22.56
23.27
24.52
22.64
21.68
20.58
18.47
18.6
18.66
20.26
20.74
22.5
23.17
22.49
23.94
23.79
25.43
24.12
23.45
23.68
22.9
23.34
24.38
28.46
27.18
31.01
29.02
27.78
29.08
27.78
27.32
27.62
26.2
24.02
25.99
28.24
28.97
27.66
28.01
27.6
26.33
24.88
25.54
25.02
25.59
24.4
25.12
24.06
23.03
21.9
22.69
23.53
26.54
26.28
25.52
24.6
27.55
27.49
29.38
26.36
27.22
27.29
31.16
32.24
25.79
29.84
26.62
25.73
25.72
26.08
25.88
25.71
25.61
22.68
23.43
23.21
22.45
22.42
22.36
22.81
21.98
23.46
23.82
22.78
20.53
20.37
20.13
20.5
20.87
20.26
20.06
19.59
19.64
20.24
20.79
18.88
18.18
18.9
18.21
19.73
19.4
19.41
17.79
17.98
17.66
16.3
16.47
17.01
17.58
18.59
18.05
19.55
19.64
19.07
18.14
17.83
19.83
20.24
20.8
18.63
23.56
23.12
23.18
24.12
23.33
21.22
20.95
21.13
22.24
21.58
22.87
22.64
22.42
21.14
23.93
23.44
23.95
23.65
25.92
24.78
25.78
23.15
25.23
25.59
27.49
28.48
28.54
25.1
25.01
24.05
23.05
21.18
21.31
23.44
22.91
24.23
22.03
21.21
22.94
22.57
23.49
21.14
20.23
21.15
20.66
20.12
21.17
21.55
20.34
19.58
20.98
21.28
20.42
19.82
18.81
20.97
20.49
19.76
19.43
20.65
21.99
21.43
24.03
23.06
22.64
25.47
24.52
24.39
25.66
31.7
30.3
36.22
33.1
32.07
33.85
35.72
35.19
32.82
34.74
46.72
39.39
39.81
45.26
45.14
52.05
53.68
57.53
63.92
69.95
54.99
55.13
69.25
67.61
70.33
52.97
53.11
69.65
67.8
79.13
80.06
66.96
69.96
62.9
59.89
53.68
47.73
54.56
63.68
56.1
59.98
61.44
66.46
59.83
66.31
69.15
67.64
74.26
80.86
72.67
64.7
60.9
54.92
55.28
68.51
62.98
60.72
63.64
59.93
58.49
58.91
55.73
55.78
54.28
56.76
52.37
49.84
47.34
44.93
44.56
45.02
44.21
43.38
43.9
41.63
40
39.19
39.08
38.56
43.39
42.56
42.82
45.84
43.27
49.14
51
46.11
56.65
46.42
47.29
47.27
45.69
42.25
39.66
42.63
44.84
45.52
43.06
43.85
43.73
43.37
43.64
46.67
44.53
41.25
42.93
48.66
48.46
47.08
49.3
52.62
45.49
44.67
44.66
46.35
52.65
50.93
47.56
50.17
49.33
49.68
44.37
43.61
41.18
42.36
43.74
40.8
40.06
43.68
45.89
43.23
42.93
42.25
40.36
41.04
45.54
44.14
42.28
42.04
39.7
40.93
40.39
38.85
36.53
37.81
37.67
36.17
35.79
33.94
39.18
37.14
38.1
37.15
36.82
38.32
37.95
36.08
36.5
35.3
34.53
33.36
32.45
33.44
32.05
32.87
31.8
33.65
31.37
33.12
30.24
28.8
29.03
31.35
32.63
30.62
32.36
31.67
28.92
30.04
29.63
31.02
30.18
29.62
29.77
28.27
28.46
28.11
28.15
30.81
32.68
31.54
30.03
27.99
31.17
30.58
29.05
26.36
25.93
25.35
26.35
26.22
27.95
29
30.85
31.3
29.78
29.02
26.31
25.02
25.89
25.42
24.34
24.4
23.87
23.47
23.43
23.09
24.28
25.01
25.61
25.4
25.92
25.56
24.89
24.9
25.67
24.76
24.99
25.99
25.45
24.71
24.27
27.89
26.18
26.26
25.09
25.01
25.14
24.92
24.95
24.68
24.76
26.01
29.15
28.9
27.1
25.26
25.62
24.32
23.55
24.15
23.86
23.42
23.69
23.65
23.92
24.06
23.08
23.49
24.95
25.61
24.88
25.19
25.61
28.27
28.68
26.84
25.7
24.68
24.18
23.12
23.01
22.99
22.86
21.72
21.43
21.49
20.9
22.22
20.69
22.27
24.31
24.83
27.91
24.76
30.69
29.78
28.81
27.72
25.43
24.19
23.15
22.84
23.04
24.24
23.36
22.89
22.41
21.63
22.63
22.19
21.16
20.47
20.48
24.74
24.51
21.92
21.12
22.46
21.25
22.1
23.69
22.66
22.32
21.59
21.15
21.49
20.54
22.51
21.68
20.49
19.54
19.71
19.47
19.93
20.01
19.96
21.68
20.04
19.35
19.16
19.06
18.13
17.55
18.25
17.85
17.63
17.91
17.58
18.68
22.27
27.31
25.41
24.55
23.14
23.73
24.62
22.59
21.48
21.6
26.08
26.11
26.51
26
25.4
23.96
22.73
22.25
21.72
20.63
20.02
19.94
21.37
20.27
20.1
19.5
19.26
19.06
18.83
18.72
17.42
17.79
17.92
18.57
18.06
17.58
18
17.69
16.91
16.62
16.97
16.87
16.35
17.55
18.4
17.77
17.59
17.13
17.59
17.47
17.02
16.23
16.62
16.48
16.14
15.58
16.2
15.59
15.89
18.36
17.34
15.73
16.32
16.47
16.62
17.47
22.81
21.08
18.44
22.05
20.19
23.84
24.91
32.8
40.95
28.84
28.32
25.52
26.68
31.24
30.84
33.55
35.32
45.79
40.1
38.32
34.61
35.02
29.68
32.07
35.54
30.17
29.46
35.48
36.57
33.7
33.73
30.57
28.79
28.58
25.87
25.92
25.05
23.95
24.88
27.05
26.91
29.74
28.53
29
34.13
34.54
32.86
30.12
29.65
26.84
25.71
24.98
24.43
24.56
24.89
25.14
26.25
25.97
23.93
25.64
24.63
23.47
22.73
23.19
24.25
24.13
23.5
22.01
22.63
22.21
22.1
21.74
22.14
22.37
25.39
25.73
26.24
26.1
24.33
24.59
26.44
25.49
25.66
27.46
26.7
27.37
24.45
27.21
26.05
23.89
23.19
21.31
23.8
23.25
22.81
21.99
21.21
21.56
22.1
21.72
22.01
21.5
22.35
22.51
23.87
21.71
22.54
22.6
23.25
23.7
22.5
23.53
21.76
21.49
21.56
20.71
18.96
18.93
19.07
19.88
19.03
19.09
20.63
19.79
19.27
18.78
19.85
20.22
20.71
20.88
21.2
21.83
21.57
19.56
18.52
18.26
18.29
19.08
18.47
18.64
20.61
20.2
22.58
21.76
18.75
18.04
18.37
20.63
19.56
22.22
21.53
23.54
21.36
19.39
18.01
18.02
17.99
17.74
17.25
17.61
17.55
17.61
17.94
17.39
16.11
16.41
16.49
15.45
16.47
17.67
17.52
17.28
17.52
17.75
17.61
17.38
17.02
17.4
17.14
17.54
16.89
16.24
16.39
15.46
15.87
17.31
17.99
18.47
17.65
17.59
16.64
16.15
20.04
19.53
17.63
17.3
16.69
15.93
16.28
15.81
15.87
16.09
15.69
15.95
16.37
16.72
16.59
16.43
20.8
22.13
21.32
19.22
18.35
21.01
20.7
18.6
19.06
20.66
19.82
20.22
21.88
20.08
21.13
24.32
29.4
26.37
24.44
20.61
20.21
19.17
18
17.91
19.44
18.16
17.71
17.74
17.4
17.5
17.25
16.9
17.11
17.87
16.59
17.09
16.92
16.27
15.32
16.96
15.83
15.07
14.69
15.77
15.62
15.35
14.62
14.75
15.99
16.7
17.08
18.2
18.4
17.16
15.91
16.95
16.03
17.07
18.24
17.55
16.23
15.52
17.43
18.27
17.82
17.07
16.09
15.98
15.45
18.3
18.09
17.95
18.49
18.07
18.79
17.77
18.86
19.61
18.26
21.32
22.73
21.85
19.99
18.86
18.52
19.29
21.1
20.56
19.17
17.27
16.52
15.87
16.06
16.34
15.95
15.95
18.39
19.87
19.91
20.8
19.53
20.95
19.21
19.09
17.56
17.52
19.35
20.23
22.98
23.74
25.25
23.66
24.79
23.38
31.66
32
48
35.06
42.99
39
36.36
31.87
32.85
31.58
42.67
43.05
42.44
36.27
35.9
39.76
35.59
32.28
32.89
31.62
31.82
33.92
37
33.38
34.32
38.52
38.59
36.91
34.6
31.97
30.98
32.73
32.86
37.32
41.35
41.25
39.02
37.71
41.08
38.84
42.96
45.45
40.82
37.81
36.27
36.2
33.02
32.86
31.26
30.7
28.24
33.39
31.56
34.44
34.78
31.32
29.26
32.22
29.86
25.46
24.53
29.96
34.77
32.74
30.5
30.16
29.85
27.48
36.16
32.81
30.04
31.13
31.22
33.51
34.51
32
32.91
31.97
33.98
34.47
32.13
30.64
27.8
27.41
27.52
27.84
28.13
28.67
30.59
26.38
25.67
25.41
26.04
25.11
24.29
24.92
23.22
21.43
21.16
20.73
21.91
23.52
22.65
23.4
22.97
22.22
21.48
20.63
21.07
20.69
21.05
20.47
20.91
22.2
20.89
19.87
18.28
18.67
18.91
18.31
18.57
18.53
19.4
19.44
18.55
17.98
17.1
17.76
17.65
18.16
18.63
20.79
19.04
19.54
21.14
19.22
17.78
18.19
18.19
16.8
17.31
18.19
17.96
18.43
17.26
17.29
18.05
20.87
19.07
17.95
17.11
15.64
14.8
15.31
15.42
14.47
15.04
15.58
15.13
15.57
14.82
14.26
15.59
15.47
15.48
15.5
15.64
15.66
16.44
16.7
18.81
20.39
20.02
17.2
19.55
19.55
18.46
18.64
18.36
17.44
18.97
18.1
16.82
16.24
16.32
17.15
16.6
16.88
17.56
19.16
18.94
19.05
20.08
18.83
19.89
21.87
21.97
22.27
24.49
25.1
22.01
22.48
22.33
21.54
21.76
21.03
24.14
24.06
26.66
26.12
24.68
22.16
21.72
21.23
23.56
22.09
24.27
21.68
21.11
18.32
18.38
17.24
20.08
18.11
20.38
19.72
19.45
19.71
17.08
16.8
16.66
17.5
17.1
17.98
18.72
17.95
18.33
16.74
17.11
16.48
16.16
15.45
16.27
18.62
20.47
19.34
17.53
16.7
18.03
18.93
18.96
17.57
15.64
15.95
15.99
15.32
15.28
14.74
13.7
14.85
14.63
14.29
13.45
14.02
15.02
15.11
15.96
15.18
16.35
16.49
17.06
17.83
17.47
17.98
17.74
15.6
14.38
16.28
16.41
15.8
14.05
14.51
14.59
14.18
13.88
14.07
13.98
14.15
15.43
16.81
14.84
15.73
16.32
15.71
15.43
14.55
14.33
15.11
16.37
16.29
15.59
16.14
15.27
15.22
15.07
15.03
17.06
16.62
18.83
18.33
18.12
17.81
18.6
16.69
17.59
18.42
17.58
19.08
18.49
18.61
16.68
16.65
17.92
17.99
16.41
15.24
15.08
15.31
15.14
15.5
15.92
15.51
15.06
15.87
16.64
17.12
16.46
16.58
15.9
16.05
15.57
15.95
16.56
17
16.34
15.57
17.36
17.67
17.84
17.84
19.48
19.47
22.72
18.02
14.68
14.56
13.83
13.79
13.62
13.81
13.49
13.36
13.52
13.55
13.42
13.57
12.46
12.43
12.46
12.69
12.89
13.57
13.31
14.32
14.28
12.9
14.67
13.72
13.41
13.5
13.02
12.94
12.64
12.98
12.66
12.46
12.31
14.68
15.22
14.17
18.99
16.87
14.73
15.51
15.36
14.01
13.48
13.53
13.06
12.59
11.56
12.27
11.83
11.3
11.3
13.36
14.39
12.67
13.99
13.57
13.74
12.77
13.15
12.7
13.58
12.78
14.21
13.89
13.92
13.19
12.84
12.36
12.24
12.06
17.27
13.96
16.51
17.56
14.97
14.39
13.48
13.61
13.62
13.61
13.71
13.52
14.49
13.59
12.85
12.66
12.83
12.66
13.13
12.59
12.55
12.77
12.81
13.07
12.45
13.02
13.37
13.82
14.07
13.99
14.48
14.83
14.53
16.3
16.28
16.27
17.5
16.63
15.14
15.44
17.07
18.59
16.41
17.15
16.8
16.61
16.64
20.49
18.9
20.11
18.47
17.21
16.86
16.86
16.37
16.44
16.2
14.89
14.78
14.35
14.21
14.01
13.84
13.79
14.42
13.78
13.77
12.54
12.29
12.66
13.18
12.97
12.72
13.39
13.39
13.45
12.94
11.98
11.84
12.72
12.98
12.73
13.41
12.81
12.31
13.04
14.73
14.37
15.1
14.91
15.94
14.76
13.98
14.99
16.77
16.49
16.81
17.01
16.61
15.88
15.77
15.85
15.63
14.53
13.82
14.29
14.16
14.38
14.53
13.59
13.16
13.12
14.31
14.08
14.01
14.06
15.46
16.6
15.54
16.6
17.67
16.74
19.41
20.34
19.6
16.48
15.72
16.07
18.66
14.71
13.48
13.04
13.16
13.33
13.42
13.2
13.09
13.31
13.41
13.65
13.75
13.28
12.93
13.27
12.67
13.91
12.9
12.53
12.82
12.52
12.37
12.19
13.1
13.39
13.4
12.66
12.26
12.79
12.81
12.98
13.7
14.23
14.55
14.7
15.08
13.79
13.49
13.91
15.42
15.54
15.76
16.03
16.21
13.8
14.15
13.79
13.04
12.48
12.33
12.46
13.56
13.72
14.23
13.76
13.55
12.92
12.87
12.89
12.14
13.28
12.28
12.28
12.53
12.44
12.87
12.84
13.77
18.14
17.42
15.8
17.35
17.29
18.41
21.44
19.11
19.95
17.23
15.29
15.26
14.51
14.3
14.14
13.57
13.87
15.5
14.79
14.68
14.23
13.67
14.35
14.04
14
16
14.1
13.89
14.21
14.11
14.2
14.8
14.47
16.22
17.82
15.64
14.52
15.12
14.52
15
15.09
14.02
14.93
14.62
14.41
13.88
13.1
13.09
13.37
13.96
15.57
14.89
13.82
15.89
17.03
16.11
15.61
14.18
13.36
13.25
13.19
13.27
13.32
14.06
13.97
13.71
13.41
13.25
12.91
13.29
13.8
13.4
13.43
12.92
12.23
12.13
12.17
13.17
12.44
12.42
12.96
11.91
12.03
11.36
11.51
11.68
11.57
11.4
11.58
11.87
12.08
11.68
10.73
11.15
10.99
11.6
12.56
12.18
12.65
12.06
10.61
10.62
10.85
10.98
12.13
11.59
11.63
11.26
11.57
11.15
10.82
10.32
11.33
11.98
11.65
12.59
12.08
11.82
11.96
11
14.54
12.06
12.81
12.24
11.52
11.84
12.69
12.56
13.28
13.33
16.95
17.03
15.12
16.87
16.37
16.66
15.77
14.23
14.13
12.9
12.42
13.15
12.32
12.21
11.78
11.76
11.47
11.7
11.63
11.78
12.05
11.98
12.25
12.36
12.64
12.09
12.66
13.5
12.88
12.8
13.31
14.12
12.73
12.65
12.03
12.11
13.69
14.93
13.27
15.64
14.85
15.98
16.31
16.71
16.16
14.55
15.46
17.2
15.11
18.76
21.24
24.64
22.79
26.25
25.2
21.99
18.57
16.08
17.87
16.53
16.11
16.04
14.39
15.15
14.52
14.03
14.73
14.89
14.17
13.67
13.12
12.67
12.92
13.02
13.79
13.31
13.99
13.86
13.96
13.58
12.9
12.62
12.25
12.07
13.33
14.29
12.85
12.47
12.38
11.82
14.21
14.89
18.53
20.08
21.08
20.42
23.57
19.44
16.81
16.49
15.25
14.8
14.37
14.5
15.06
15.92
19.2
17.79
19.92
21.12
19.31
17.01
17.55
19.6
20.56
21.48
22.39
20.95
19.89
18.85
16.4
16.66
15.52
17.22
20.44
18.76
20.97
19.43
17.33
18.33
16.85
17.29
18.55
17.23
16.96
15.34
14.69
15.8
15.45
15.29
14.3
14.56
13.69
13.84
13.91
13.34
13.04
13.86
14.23
14.04
15.2
15.06
16.69
16.87
15.42
16
15.61
15.66
13.97
14.07
13.02
13.41
13.62
15.44
15.8
15.07
14.51
15.29
15.11
14.67
14.74
14.78
13.98
13.09
12.58